   939.56533000000002        938.27200000000005                1
           0           1           1   2.3806966208324333E-005   0.0000000000000000       -8.9121234305389319E-003   0.00000000       0.00000000      -8.9121487688155199E-003  -8.9121487688155199E-003           0
           0           2           1   4.8003488783151636E-005   0.0000000000000000       -8.9120554000197139E-003   0.00000000       0.00000000      -8.9121064911864556E-003  -8.9121064911864556E-003           0
           0           3           1   9.6792464658870399E-005   0.0000000000000000       -8.9119182257867413E-003   0.00000000       0.00000000      -8.9120212441311519E-003  -8.9120212441311519E-003           0
           0           4           1   1.9516875652644152E-004   0.0000000000000000       -8.9116416327176262E-003   0.00000000       0.00000000      -8.9118493551082478E-003  -8.9118493551082478E-003           0
           0           5           1   3.9353108383304952E-004   0.0000000000000000       -8.9110839206548720E-003   0.00000000       0.00000000      -8.9115027644237621E-003  -8.9115027644237621E-003           0
           0           6           1   7.9350156602464984E-004   0.0000000000000000       -8.9099593706201130E-003   0.00000000       0.00000000      -8.9108039117506976E-003  -8.9108039117506976E-003           0
           0           7           1   1.5999872974473580E-003   0.0000000000000000       -8.9076918693917762E-003   0.00000000       0.00000000      -8.9093947709850685E-003  -8.9093947709850685E-003           0
           0           8           1   3.2261553872136484E-003   0.0000000000000000       -8.9031197635378589E-003   0.00000000       0.00000000      -8.9065534315162509E-003  -8.9065534315162509E-003           0
           0           9           1   6.5051007586453520E-003   0.0000000000000000       -8.8939007378836532E-003   0.00000000       0.00000000      -8.9008242593791032E-003  -8.9008242593791032E-003           0
           0          10           1   1.3116645294842940E-002   0.0000000000000000       -8.8753118345005211E-003   0.00000000       0.00000000      -8.8892721679398878E-003  -8.8892721679398878E-003           0
           0          11           1   2.2986311320212255E-002   0.0000000000000000       -8.8475022070357845E-003   0.00000000       0.00000000      -8.8719670426211650E-003  -8.8719670426211650E-003           0
           0          12           1   3.8509841792583620E-002   0.0000000000000000       -8.8013722316189202E-003   0.00000000       0.00000000      -8.8423591013585545E-003  -8.8423591013585545E-003           0
           0          13           1   6.1464775853376473E-002   0.0000000000000000       -8.7286184636335973E-003   0.00000000       0.00000000      -8.7940367734528069E-003  -8.7940367734528069E-003           0
           0          14           1   6.5656337507536189E-002   0.0000000000000000       -8.7083276402342147E-003   0.00000000       0.00000000      -8.7782071211082169E-003  -8.7782071211082169E-003           0
           0          15           1   8.9802200613773878E-002   0.0000000000000000       -8.6258436441523090E-003   0.00000000       0.00000000      -8.7214220970243117E-003  -8.7214220970243117E-003           0
           0          16           1  0.12019656306472899        0.0000000000000000       -8.5166931993416739E-003   0.00000000       0.00000000      -8.6446210391915024E-003  -8.6446210391915024E-003           0
           0          17           1  0.15807669702121097        0.0000000000000000       -8.3745587150833023E-003   0.00000000       0.00000000      -8.5428032128035403E-003  -8.5428032128035403E-003           0
           0          18           1  0.20510487895919197        0.0000000000000000       -8.1916509829151885E-003   0.00000000       0.00000000      -8.4099486067314988E-003  -8.4099486067314988E-003           0
           0          19           1  0.26355438594874586        0.0000000000000000       -7.9579526027296899E-003   0.00000000       0.00000000      -8.2384593195417022E-003  -8.2384593195417022E-003           0
           0          20           1  0.27401614579199113        0.0000000000000000       -7.8817677844235101E-003   0.00000000       0.00000000      -8.1734091818258525E-003  -8.1734091818258525E-003           0
           0          21           1  0.32226399961755714        0.0000000000000000       -7.6845236417065754E-003   0.00000000       0.00000000      -8.0275162887611939E-003  -8.0275162887611939E-003           0
           0          22           1  0.37816051657477950        0.0000000000000000       -7.4537920182369266E-003   0.00000000       0.00000000      -7.8562765549692326E-003  -7.8562765549692326E-003           0
           0          23           1  0.40941841412210511        0.0000000000000000       -7.3240131268930142E-003   0.00000000       0.00000000      -7.7597661299568799E-003  -7.7597661299568799E-003           0
           0          24           1  0.43073948706255122        0.0000000000000000       -7.2352479012820492E-003   0.00000000       0.00000000      -7.6936933901791127E-003  -7.6936933901791127E-003           0
           0          25           1  0.44325088798400358        0.0000000000000000       -7.0910431144053376E-003   0.00000000       0.00000000      -7.5628047618725436E-003  -7.5628047618725436E-003           0
           0          26           1  0.51853934656551603        0.0000000000000000       -6.7756337021511737E-003   0.00000000       0.00000000      -7.3275265083337926E-003  -7.3275265083337926E-003           0
           0          27           1  0.58687902038956585        0.0000000000000000       -6.4144234505766340E-003   0.00000000       0.00000000      -7.0390516713620954E-003  -7.0390516713620954E-003           0
           0          28           1  0.68553585429185915        0.0000000000000000       -5.9981581623714808E-003   0.00000000       0.00000000      -6.7277890165579057E-003  -6.7277890165579057E-003           0
           0          29           1  0.73207831332274131        0.0000000000000000       -5.8014456703814332E-003   0.00000000       0.00000000      -6.5806126851143398E-003  -6.5806126851143398E-003           0
           0          30           1  0.79100276311256301        0.0000000000000000       -5.5521681246428756E-003   0.00000000       0.00000000      -6.3940497244168171E-003  -6.3940497244168171E-003           0
           0          31           1  0.82524502433483282        0.0000000000000000       -5.2889607707179431E-003   0.00000000       0.00000000      -6.1672871605761292E-003  -6.1672871605761292E-003           0
           0          32           1  0.89146228377873249        0.0000000000000000       -5.0083712686475046E-003   0.00000000       0.00000000      -5.9571741409061296E-003  -5.9571741409061296E-003           0
           0          33           1  0.96299170298723202        0.0000000000000000       -4.7050739642899853E-003   0.00000000       0.00000000      -5.7300071671650965E-003  -5.7300071671650965E-003           0
           0          34           1   1.0268263054665410        0.0000000000000000       -4.4342634400644787E-003   0.00000000       0.00000000      -5.5271372112439821E-003  -5.5271372112439821E-003           0
           0          35           1   1.0674182209972496        0.0000000000000000       -4.0929669889869791E-003   0.00000000       0.00000000      -5.2290436266778650E-003  -5.2290436266778650E-003           0
           0          36           1   1.1528511587114170        0.0000000000000000       -3.7302073236533673E-003   0.00000000       0.00000000      -4.9572121118264256E-003  -4.9572121118264256E-003           0
           0          37           1   1.2277171446284718        0.0000000000000000       -3.4122091067112503E-003   0.00000000       0.00000000      -4.7188954066713640E-003  -4.7188954066713640E-003           0
           0          38           1   1.2712502615020189        0.0000000000000000       -3.0070409172591184E-003   0.00000000       0.00000000      -4.3600604688659450E-003  -4.3600604688659450E-003           0
           0          39           1   1.3729750611864155        0.0000000000000000       -2.5747087276943859E-003   0.00000000       0.00000000      -4.0359962160125828E-003  -4.0359962160125828E-003           0
           0          40           1   1.4712988652211332        0.0000000000000000       -2.1567347428619321E-003   0.00000000       0.00000000      -3.7226704135844280E-003  -3.7226704135844280E-003           0
           0          41           1   1.4255893407628057        0.0000000000000000       -2.1101984098983451E-003   0.00000000       0.00000000      -3.6274844306191101E-003  -3.6274844306191101E-003           0
           0          42           1   1.4953848496948683        0.0000000000000000       -1.6301836096501710E-003   0.00000000       0.00000000      -3.2217545222282817E-003  -3.2217545222282817E-003           0
           0          43           1   1.5898863070462095        0.0000000000000000       -1.2283088745019821E-003   0.00000000       0.00000000      -2.9204597620260397E-003  -2.9204597620260397E-003           0
           0          44           1   1.6332757126228914        0.0000000000000000       -1.0437749728176016E-003   0.00000000       0.00000000      -2.7821061569013317E-003  -2.7821061569013317E-003           0
           0          45           1   1.6351206031557062        0.0000000000000000       -8.2269181937988378E-004   0.00000000       0.00000000      -2.5629865609447799E-003  -2.5629865609447799E-003           0
           0          46           1   1.7078325386004745        0.0000000000000000       -2.6718976836892505E-004   0.00000000       0.00000000      -2.0848734185313633E-003  -2.0848734185313633E-003           0
           0          47           1   1.8237817411111910        0.0000000000000000        2.2607242477690193E-004   0.00000000       0.00000000      -1.7150185061871603E-003  -1.7150185061871603E-003           0
           0          48           1   1.8775474205163141        0.0000000000000000        7.3876250919058251E-004   0.00000000       0.00000000      -1.2595524142817727E-003  -1.2595524142817727E-003           0
           0          49           1   1.0449947750261248        0.0000000000000000        1.6254324752489335E-003   0.00000000       0.00000000       5.1322160320022014E-004   5.1322160320022014E-004           0
           0          50           1   1.0766630777897406        0.0000000000000000        2.1137753135271886E-003   0.00000000       0.00000000       9.6785917186870130E-004   9.6785917186870130E-004           0
           0          51           1   1.1199972000070000        0.0000000000000000        2.4966651334399348E-003   0.00000000       0.00000000       1.3046275345143243E-003   1.3046275345143243E-003           0
           0          52           1   1.1639976720046559        0.0000000000000000        2.8131625503891033E-003   0.00000000       0.00000000       1.5742942835015317E-003   1.5742942835015317E-003           0
           0          53           1   1.2033313277811204        0.0000000000000000        3.0857141142064393E-003   0.00000000       0.00000000       1.8049821742771588E-003   1.8049821742771588E-003           0
           0          54           1   1.2399982285739592        0.0000000000000000        3.3241009435713842E-003   0.00000000       0.00000000       2.0043436164529638E-003   2.0043436164529638E-003           0
           0          55           1   1.2749984062519923        0.0000000000000000        3.5412864797810251E-003   0.00000000       0.00000000       2.1842776954614784E-003   2.1842776954614784E-003           0
           0          56           1   1.3022207753102497        0.0000000000000000        3.7312253741843548E-003   0.00000000       0.00000000       2.3452432250663513E-003   2.3452432250663513E-003           0
           0          57           1   1.3279986720013279        0.0000000000000000        3.9074345154903600E-003   0.00000000       0.00000000       2.4940163852136266E-003   2.4940163852136266E-003           0
           0          58           1   1.3509078628110338        0.0000000000000000        4.0677214004904982E-003   0.00000000       0.00000000       2.6299205156803396E-003   2.6299205156803396E-003           0
           0          59           1   1.3716655236120636        0.0000000000000000        4.2160878797006252E-003   0.00000000       0.00000000       2.7561941609615115E-003   2.7561941609615115E-003           0
           0          60           1   1.3907681609475684        0.0000000000000000        4.3541730089167174E-003   0.00000000       0.00000000       2.8739479340433860E-003   2.8739479340433860E-003           0
           0          61           1   1.4064275668374522        0.0000000000000000        4.4813594814103741E-003   0.00000000       0.00000000       2.9844677571941869E-003   2.9844677571941869E-003           0
           0          62           1   1.4206657195561869        0.0000000000000000        4.6006486850680428E-003   0.00000000       0.00000000       3.0886029824490624E-003   3.0886029824490624E-003           0
           0          63           1   1.4331241042974350        0.0000000000000000        4.7124237757900644E-003   0.00000000       0.00000000       3.1871183408849202E-003   3.1871183408849202E-003           0
           0          64           1   1.4441167975783544        0.0000000000000000        4.8173020603048400E-003   0.00000000       0.00000000       3.2802968606999716E-003   3.2802968606999716E-003           0
           0          65           1   1.4527769706794607        0.0000000000000000        4.9151983928568121E-003   0.00000000       0.00000000       3.3689759809680808E-003   3.3689759809680808E-003           0
           0          66           1   1.4605255470918173        0.0000000000000000        5.0077518292421797E-003   0.00000000       0.00000000       3.4532824374309268E-003   3.4532824374309268E-003           0
           0          67           1   1.4669992665003668        0.0000000000000000        5.0951007313138064E-003   0.00000000       0.00000000       3.5337412178666483E-003   3.5337412178666483E-003           0
           0          68           1   1.4723802512474995        0.0000000000000000        5.1772983151687768E-003   0.00000000       0.00000000       3.6102117015670565E-003   3.6102117015670565E-003           0
           0          69           1   1.4763629652895613        0.0000000000000000        5.2547490231467098E-003   0.00000000       0.00000000       3.6834235195868370E-003   3.6834235195868370E-003           0
           0          70           1   1.4791297916826993        0.0000000000000000        5.3280382323175335E-003   0.00000000       0.00000000       3.7537679347079411E-003   3.7537679347079411E-003           0
           0          71           1   1.4804160498266459        0.0000000000000000        5.3969850079504944E-003   0.00000000       0.00000000       3.8213457175706456E-003   3.8213457175706456E-003           0
           0          72           1   1.4807994076802369        0.0000000000000000        5.4619512195068776E-003   0.00000000       0.00000000       3.8859039129506279E-003   3.8859039129506279E-003           0
           0          73           1   1.4803840460061362        0.0000000000000000        5.5239479728355079E-003   0.00000000       0.00000000       3.9483427448243624E-003   3.9483427448243624E-003           0
           0          74           1   1.4792587113856626        0.0000000000000000        5.5828369060830774E-003   0.00000000       0.00000000       4.0084293964044448E-003   4.0084293964044448E-003           0
           0          75           1   1.4774994723216170        0.0000000000000000        5.6381922904711335E-003   0.00000000       0.00000000       4.0656571775359307E-003   4.0656571775359307E-003           0
           0          76           1   1.4748270776458354        0.0000000000000000        5.6909507293121386E-003   0.00000000       0.00000000       4.1212599046773768E-003   4.1212599046773768E-003           0
           0          77           1   1.4713328428890522        0.0000000000000000        5.7407397099251689E-003   0.00000000       0.00000000       4.1747678760251095E-003   4.1747678760251095E-003           0
           0          78           1   1.4674188814777802        0.0000000000000000        5.7881871822578201E-003   0.00000000       0.00000000       4.2263810633818011E-003   4.2263810633818011E-003           0
           0          79           1   1.4628120428712363        0.0000000000000000        5.8329206336296124E-003   0.00000000       0.00000000       4.2760176741820644E-003   4.2760176741820644E-003           0
           0          80           1   1.4487874397613818        0.0000000000000000        5.8655633876996127E-003   0.00000000       0.00000000       4.3235871211197985E-003   4.3235871211197985E-003           0
           0          81           1   1.4438231047579104        0.0000000000000000        5.9064227071894404E-003   0.00000000       0.00000000       4.3697300912988180E-003   4.3697300912988180E-003           0
           0          82           1   1.4385710175511379        0.0000000000000000        5.9454726793717327E-003   0.00000000       0.00000000       4.4143699751550969E-003   4.4143699751550969E-003           0
           0          83           1   1.4330551574846784        0.0000000000000000        5.9823407915657878E-003   0.00000000       0.00000000       4.4571087382665464E-003   4.4571087382665464E-003           0
           0          84           1   1.4267563711469267        0.0000000000000000        6.0176656369388404E-003   0.00000000       0.00000000       4.4991375201688388E-003   4.4991375201688388E-003           0
           0          85           1   1.4205259419668574        0.0000000000000000        6.0510640595903276E-003   0.00000000       0.00000000       4.5391671253272037E-003   4.5391671253272037E-003           0
           0          86           1   1.4138457913215920        0.0000000000000000        6.0829298586400071E-003   0.00000000       0.00000000       4.5781427553082121E-003   4.5781427553082121E-003           0
           0          87           1   1.4064996483750878        0.0000000000000000        6.1135184713552171E-003   0.00000000       0.00000000       4.6165500291766026E-003   4.6165500291766026E-003           0
           0          88           1   1.3992679513980604        0.0000000000000000        6.1423935257380879E-003   0.00000000       0.00000000       4.6531219373557864E-003   4.6531219373557864E-003           0
           0          89           1   1.3916663353175394        0.0000000000000000        6.1700446098835737E-003   0.00000000       0.00000000       4.6888635883173269E-003   4.6888635883173269E-003           0
           0          90           1   1.3837206084370679        0.0000000000000000        6.1963652915970613E-003   0.00000000       0.00000000       4.7236410815230112E-003   4.7236410815230112E-003           0
           0          91           1   1.3756815055269307        0.0000000000000000        6.2214087869760792E-003   0.00000000       0.00000000       4.7572407705518405E-003   4.7572407705518405E-003           0
           0          92           1   1.3666663629630305        0.0000000000000000        6.2449835180700131E-003   0.00000000       0.00000000       4.7904105157190457E-003   4.7904105157190457E-003           0
           0          93           1   1.3580431830340907        0.0000000000000000        6.2680154449716863E-003   0.00000000       0.00000000       4.8226202822596598E-003   4.8226202822596598E-003           0
           0          94           1   1.3495741809416635        0.0000000000000000        6.2899298338308096E-003   0.00000000       0.00000000       4.8535484159024644E-003   4.8535484159024644E-003           0
           0          95           1   1.3408330539931137        0.0000000000000000        6.3108650464998028E-003   0.00000000       0.00000000       4.8837870018116902E-003   4.8837870018116902E-003           0
           0          96           1   1.3322446260725256        0.0000000000000000        6.3308530126373608E-003   0.00000000       0.00000000       4.9129158202627643E-003   4.9129158202627643E-003           0
           0          97           1   1.3231997353600529        0.0000000000000000        6.3501172398516825E-003   0.00000000       0.00000000       4.9418067231579155E-003   4.9418067231579155E-003           0
           0          98           1   1.3145095461745988        0.0000000000000000        6.3684235773153741E-003   0.00000000       0.00000000       4.9693622196824716E-003   4.9693622196824716E-003           0
           0          99           1   1.3049997490385099        0.0000000000000000        6.3856443063943225E-003   0.00000000       0.00000000       4.9967044345511358E-003   4.9967044345511358E-003           0
           0         100           1   1.2962261705233640        0.0000000000000000        6.4026415278648496E-003   0.00000000       0.00000000       5.0230395681762907E-003   5.0230395681762907E-003           0
           0         101           1   1.2875923541495640        0.0000000000000000        6.4188937239735289E-003   0.00000000       0.00000000       5.0484809245254780E-003   5.0484809245254780E-003           0
           0         102           1   1.2598179527603723        0.0000000000000000        6.4144980743383595E-003   0.00000000       0.00000000       5.0736461798133181E-003   5.0736461798133181E-003           0
           0         103           1   1.2546426330995297        0.0000000000000000        6.4333152863356169E-003   0.00000000       0.00000000       5.0979715981012141E-003   5.0979715981012141E-003           0
           0         104           1   1.2498243421360804        0.0000000000000000        6.4511320357041324E-003   0.00000000       0.00000000       5.1209165602821294E-003   5.1209165602821294E-003           0
           0         105           1   1.2417239238407027        0.0000000000000000        6.4660857590392862E-003   0.00000000       0.00000000       5.1444917365770504E-003   5.1444917365770504E-003           0
           0         106           1   1.2369489428900098        0.0000000000000000        6.4832106991432603E-003   0.00000000       0.00000000       5.1666987936964670E-003   5.1666987936964670E-003           0
           0         107           1   1.2294997950833675        0.0000000000000000        6.4975684021886249E-003   0.00000000       0.00000000       5.1889847882280460E-003   5.1889847882280460E-003           0
           0         108           1   1.2254096351787482        0.0000000000000000        6.5148529905845187E-003   0.00000000       0.00000000       5.2106226235713038E-003   5.2106226235713038E-003           0
           0         109           1   1.2191933517430078        0.0000000000000000        6.5293809851412199E-003   0.00000000       0.00000000       5.2317667450085814E-003   5.2317667450085814E-003           0
           0         110           1   1.2165077434114695        0.0000000000000000        6.5472722370458758E-003   0.00000000       0.00000000       5.2525163487977533E-003   5.2525163487977533E-003           0
           0         111           1   1.2120310606201468        0.0000000000000000        6.5629496993040437E-003   0.00000000       0.00000000       5.2729584427935183E-003   5.2729584427935183E-003           0
           0         112           1   1.2115382751479578        0.0000000000000000        6.5823522883714514E-003   0.00000000       0.00000000       5.2928855142537756E-003   5.2928855142537756E-003           0
           0         113           1   1.2098483015381363        0.0000000000000000        6.6002541834957462E-003   0.00000000       0.00000000       5.3125860853782125E-003   5.3125860853782125E-003           0
           0         114           1   1.2123878787480777        0.0000000000000000        6.6220408537209785E-003   0.00000000       0.00000000       5.3316698278467189E-003   5.3316698278467189E-003           0
           0         115           1   1.2163233505406839        0.0000000000000000        6.6455836551568837E-003   0.00000000       0.00000000       5.3510240202871984E-003   5.3510240202871984E-003           0
           0         116           1   1.2199998231884315        0.0000000000000000        6.6684665769860541E-003   0.00000000       0.00000000       5.3699939915954342E-003   5.3699939915954342E-003           0
           0         117           1   1.2279998245714536        0.0000000000000000        6.6953619925502750E-003   0.00000000       0.00000000       5.3883748301233325E-003   5.3883748301233325E-003           0
           0         118           1   1.2357744738345811        0.0000000000000000        6.7223319106506363E-003   0.00000000       0.00000000       5.4070700183939113E-003   5.4070700183939113E-003           0
           0         119           1   1.2479164933449314        0.0000000000000000        6.7532291767300467E-003   0.00000000       0.00000000       5.4250442666452514E-003   5.4250442666452514E-003           0
           0         120           1   1.2601368136798885        0.0000000000000000        6.7849885435853352E-003   0.00000000       0.00000000       5.4437972783862865E-003   5.4437972783862865E-003           0
           0         121           1   1.2763511788714623        0.0000000000000000        6.8207284745169794E-003   0.00000000       0.00000000       5.4622799046113446E-003   5.4622799046113446E-003           0
           0         122           1   1.2943998274133561        0.0000000000000000        6.8579903858307922E-003   0.00000000       0.00000000       5.4803322431944412E-003   5.4803322431944412E-003           0
           0         123           1   1.3144735112534853        0.0000000000000000        6.8980301774226316E-003   0.00000000       0.00000000       5.4990071725466994E-003   5.4990071725466994E-003           0
           0         124           1   1.3363634628099401        0.0000000000000000        6.9399218891994519E-003   0.00000000       0.00000000       5.5176009284951810E-003   5.5176009284951810E-003           0
           0         125           1   1.3601280307528167        0.0000000000000000        6.9838783855509234E-003   0.00000000       0.00000000       5.5362642736584977E-003   5.5362642736584977E-003           0
           0         126           1   1.3839238754526739        0.0000000000000000        7.0278774547800626E-003   0.00000000       0.00000000       5.5549369031608897E-003   5.5549369031608897E-003           0
           0         127           1   1.4067498241562721        0.0000000000000000        7.0708760613804600E-003   0.00000000       0.00000000       5.5736413516276340E-003   5.5736413516276340E-003           0
           0         128           1   1.4117213998708558        0.0000000000000000        7.1173166893014894E-003  -8.0172817821536249E-002   9.0589071781398877E-012   5.6147906226191591E-003   5.6147906226191591E-003           0
           0         129           1   1.6325873903555195        0.0000000000000000        7.4116211635246732E-003  -8.1672077442856872E-002   1.2653814367365279E-012   5.6740225759652763E-003   5.6740225759652763E-003           0
           0         130           1   1.8834748180825298        0.0000000000000000        7.7446537797265513E-003  -8.3129093040584495E-002   1.0623141998831821E-012   5.7400301969696699E-003   5.7400301969696699E-003           0
           0         131           1   2.1646485047937638        0.0000000000000000        8.1173297503882580E-003  -8.4547361732417545E-002   4.7434485839023261E-012   5.8134468424417829E-003   5.8134468424417829E-003           0
           0         132           1   2.4762817421212002        0.0000000000000000        8.5304117880957708E-003  -8.5930145808900835E-002  -2.1683545566070481E-012   5.8948507865301814E-003   5.8948507865301814E-003           0
           0         133           1   2.8184673528546167        0.0000000000000000        8.9845260290564166E-003  -8.7280486117455994E-002   6.8457677199744639E-012   5.9847693727583806E-003   5.9847693727583806E-003           0
           0         134           1   3.1912274230830899        0.0000000000000000        9.4801761979668164E-003  -8.8601214971937209E-002   7.5702969801402494E-012   6.0836828185193426E-003   6.0836828185193426E-003           0
           0         135           1   3.5945218296674208        0.0000000000000000        1.0017756218416940E-002  -8.9894968186471247E-002   9.0220477370396641E-012   6.1920277515628008E-003   6.1920277515628008E-003           0
           0         136           1   4.0282556872963360        0.0000000000000000        1.0597561418398183E-002  -9.1164196689419205E-002   3.1451826829988620E-012   6.3102004881903095E-003   6.3102004881903095E-003           0
           0         137           1   4.4922858405329498        0.0000000000000000        1.1219798469840336E-002  -9.2411177390338814E-002   2.4778407625129892E-012   6.4385600641281293E-003   6.4385600641281293E-003           0
           0         138           1   4.9864265247829165        0.0000000000000000        1.1884594148249050E-002  -9.3638023398688389E-002   6.8186184804279307E-013   6.5774309680517451E-003   6.5774309680517451E-003           0
           0         139           1   5.5104542844481843        0.0000000000000000        1.2592003189541012E-002  -9.4846693812667221E-002  -8.8008910904383223E-013   6.7271057646112187E-003   6.7271057646112187E-003           0
           0         140           1   6.0641122745045166        0.0000000000000000        1.3342015177991051E-002  -9.6039002765123796E-002  -5.8617552544268824E-012   6.8878474037774584E-003   6.8878474037774584E-003           0
           0         141           1   6.6471140165331635        0.0000000000000000        1.4134560701766219E-002  -9.7216628092489515E-002  -3.9981679272697761E-012   7.0598913792652151E-003   7.0598913792652151E-003           0
           0         142           1   7.2591466942772076        0.0000000000000000        1.4969516874020705E-002  -9.8381119440632020E-002   9.4551348262738895E-012   7.2434477415739273E-003   7.2434477415739273E-003           0
           0         143           1   7.8998740667369258        0.0000000000000000        1.5846712234290683E-002  -9.9533905954354393E-002  -1.1406310591433210E-012   7.4387028979232550E-003   7.4387028979232550E-003           0
           0         144           1   8.5689390487482537        0.0000000000000000        1.6765931199780537E-002 -0.10067630347802609        6.9363811428843701E-012   7.6458213202863501E-003   7.6458213202863501E-003           0
           0         145           1   9.2659660304580616        0.0000000000000000        1.7726918046075513E-002 -0.10180952146073839       -9.2471671138700837E-012   7.8649470528424636E-003   7.8649470528424636E-003           0
           0         146           1   9.9905629593755290        0.0000000000000000        1.8729380575917443E-002 -0.10293466940831991       -9.7094755573126100E-012   8.0962051695407933E-003   8.0962051695407933E-003           0
           0         147           1   10.742323246533891        0.0000000000000000        1.9772993445963616E-002 -0.10405276301021835        3.6095027414050040E-012   8.3397030685561369E-003   8.3397030685561369E-003           0
           0         148           1   11.520827513582542        0.0000000000000000        2.0857401233659090E-002 -0.10516473001427622        3.3616354780687436E-012   8.5955316801187287E-003   8.5955316801187287E-003           0
           0         149           1   12.325645210299587        0.0000000000000000        2.1982221299790883E-002 -0.10627141567694380       -4.5341952529127512E-012   8.8637666092297174E-003   8.8637666092297174E-003           0
           0         150           1   13.156336128933136        0.0000000000000000        2.3147046435991303E-002 -0.10737358801434077       -5.0494863070134984E-012   9.1444691707398551E-003   9.1444691707398551E-003           0
           0         151           1   14.012451830142826        0.0000000000000000        2.4351447333176290E-002 -0.10847194282739990        2.3852005997149301E-013   9.4376873393544614E-003   9.4376873393544614E-003           0
           0         152           1   14.893536990271661        0.0000000000000000        2.5594974930428283E-002 -0.10956710834422852       -2.7779343902805472E-012   9.7434566646870113E-003   9.7434566646870113E-003           0
           0         153           1   15.799130680092196        0.0000000000000000        2.6877162620366546E-002 -0.11065964972344074       -2.7175405665984817E-012   1.0061801116795888E-002   1.0061801116795888E-002           0
           0         154           1   16.728767588620883        0.0000000000000000        2.8197528319376941E-002 -0.11175007336069837       -6.6438046026124253E-012   1.0392733852538250E-002   1.0392733852538250E-002           0
           0         155           1   17.681979188054111        0.0000000000000000        2.9555576454241006E-002 -0.11283883086376087        6.9769764403455932E-013   1.0736257963601226E-002   1.0736257963601226E-002           0
           0         156           1   18.658294847055657        0.0000000000000000        3.0950799851226840E-002 -0.11392632288236566       -1.5261805105531706E-012   1.1092367178852758E-002   1.1092367178852758E-002           0
           0         157           1   19.657242900708251        0.0000000000000000        3.2382681473913211E-002 -0.11501290278404942       -5.9824672771683208E-012   1.1461046465423674E-002   1.1461046465423674E-002           0
           0         158           1   20.678351653784105        0.0000000000000000        3.3850696161026983E-002 -0.11609888009739286        8.2854034123185746E-012   1.1842272698308731E-002   1.1842272698308731E-002           0
           0         159           1   21.721150355086923        0.0000000000000000        3.5354312202754867E-002 -0.11718452371830587        2.6385128358850355E-012   1.2236015197261141E-002   1.2236015197261141E-002           0
           0         160           1   22.785170103734650        0.0000000000000000        3.6892992855160900E-002 -0.11827006505405695        2.0750488971292966E-012   1.2642236280661301E-002   1.2642236280661301E-002           0
           0         161           1   23.869944713113320        0.0000000000000000        3.8466197782083267E-002 -0.11935570088507884        1.0133094443785760E-012   1.3060891784807849E-002   1.3060891784807849E-002           0
           0         162           1   24.975011518836986        0.0000000000000000        4.0073384383968014E-002 -0.12044159620804015       -9.4870332921254984E-012   1.3491931533699431E-002   1.3491931533699431E-002           0
           0         163           1   26.099912129112631        0.0000000000000000        4.1714009088130721E-002 -0.12152788669840832        5.8707545845272652E-012   1.3935299832307235E-002   1.3935299832307235E-002           0
           0         164           1   27.244193136341895        0.0000000000000000        4.3387528487076832E-002 -0.12261468129699081       -8.7314525618822574E-012   1.4390935842871100E-002   1.4390935842871100E-002           0
           0         165           1   28.407406747346950        0.0000000000000000        4.5093400476828638E-002 -0.12370206435918832        6.4292272981853125E-012   1.4858774059596458E-002   1.4858774059596458E-002           0
           0         166           1   29.589111379090006        0.0000000000000000        4.6831085257145855E-002 -0.12479009800396620       -5.5943465885869330E-012   1.5338744666760551E-002   1.5338744666760551E-002           0
           0         167           1   30.788872198924992        0.0000000000000000        4.8600046251578322E-002 -0.12587882390662716       -4.8362551208703083E-012   1.5830773891252647E-002   1.5830773891252647E-002           0
           0         168           1   32.006261584615785        0.0000000000000000        5.0399751009338134E-002 -0.12696826541331363        9.7911350248957488E-012   1.6334784410070302E-002   1.6334784410070302E-002           0
           0         169           1   33.240859570606318        0.0000000000000000        5.2229671943171851E-002 -0.12805842918428911       -1.0605642461140823E-011   1.6850695612729893E-002   1.6850695612729893E-002           0
           0         170           1   34.492254200348214        0.0000000000000000        5.4089287062752511E-002 -0.12914930685319789       -5.3088485129989878E-015   1.7378423965719758E-002   1.7378423965719758E-002           0
           0         171           1   35.760041854393265        0.0000000000000000        5.5978080604235592E-002 -0.13024087666026485        2.5948320538179666E-013   1.7917883284711111E-002   1.7917883284711111E-002           0
           0         172           1   37.043827524208773        0.0000000000000000        5.7895543574238761E-002 -0.13133310477035551        2.0952406713881391E-012   1.8468984993012860E-002   1.8468984993012860E-002           0
           0         173           1   38.343225013327853        0.0000000000000000        5.9841174293335797E-002 -0.13242594670490765       -1.0121750750381917E-012   1.9031638448324895E-002   1.9031638448324895E-002           0
           0         174           1   39.657857127618954        0.0000000000000000        6.1814478790407357E-002 -0.13351934850112548        9.2623222882576188E-012   1.9605751136227312E-002   1.9605751136227312E-002           0
           0         175           1   40.987355805969656        0.0000000000000000        6.3814971171416213E-002 -0.13461324794856852        1.6945511705152922E-012   2.0191228896988989E-002   2.0191228896988989E-002           0
           0         176           1   42.331362196644555        0.0000000000000000        6.5842173965020123E-002 -0.13570757553253662        8.4170205056522418E-014   2.0787976193970437E-002   2.0787976193970437E-002           0
           0         177           1   43.689526720743103        0.0000000000000000        6.7895618346423436E-002 -0.13680225551001285       -8.0814286799929214E-012   2.1395896266375392E-002   2.1395896266375392E-002           0
           0         178           1   45.061509070640930        0.0000000000000000        6.9974844371492262E-002 -0.13789720677369138        1.0429633714286781E-011   2.2014891368285605E-002   2.2014891368285605E-002           0
           0         179           1   46.446978206245213        0.0000000000000000        7.2079401122311371E-002 -0.13899234367875049        5.7254494344862931E-012   2.2644862913005603E-002   2.2644862913005603E-002           0
           0         180           1   47.845612295394673        0.0000000000000000        7.4208846814833862E-002 -0.14008757678826461        6.7739394533413240E-012   2.3285711650693486E-002   2.3285711650693486E-002           0
           0         181           1   49.257098634950850        0.0000000000000000        7.6362748887428333E-002 -0.14118281361145504       -5.2921203464594526E-012   2.3937337835745698E-002   2.3937337835745698E-002           0
           0         182           1   50.681133549472435        0.0000000000000000        7.8540684021611185E-002 -0.14227795917733477        5.9384386218368681E-012   2.4599641359643876E-002   2.4599641359643876E-002           0
           0         183           1   52.117422264768607        0.0000000000000000        8.0742238156784385E-002 -0.14337291667529800       -8.2975033519493412E-012   2.5272521894368349E-002   2.5272521894368349E-002           0
           0         184           1   53.565678757297860        0.0000000000000000        8.2967006437674629E-002 -0.14446758794597322       -2.8072464940360801E-012   2.5955879007704130E-002   2.5955879007704130E-002           0
           0         185           1   55.025625593052126        0.0000000000000000        8.5214593175414688E-002 -0.14556187396902356        1.3556167365329723E-012   2.6649612288991209E-002   2.6649612288991209E-002           0
           0         186           1   56.496993739853181        0.0000000000000000        8.7484611752648211E-002 -0.14665567533460144       -6.4378031303986186E-012   2.7353621457251398E-002   2.7353621457251398E-002           0
           0         187           1   57.979522386671583        0.0000000000000000        8.9776684506244431E-002 -0.14774889252578702       -3.5300363878799422E-012   2.8067806437254594E-002   2.8067806437254594E-002           0
           0         188           1   59.472958721347908        0.0000000000000000        9.2090442617760671E-002 -0.14884142640185807       -2.4288208820838446E-012   2.8792067483536687E-002   2.8792067483536687E-002           0
           0         189           1   60.977057726577073        0.0000000000000000        9.4425525949137112E-002 -0.14993317845184126       -2.3540130053166280E-012   2.9526305235364925E-002   2.9526305235364925E-002           0
           0         190           1   62.491581962478399        0.0000000000000000        9.6781582881656059E-002 -0.15102405104511604       -1.3551932386458955E-013   3.0270420786643104E-002   3.0270420786643104E-002           0
           0         191           1   64.016301322383455        0.0000000000000000        9.9158270161798789E-002 -0.15211394773464823       -5.8119640028462761E-012   3.1024315790963763E-002   3.1024315790963763E-002           0
           0         192           1   65.550992809744187        0.0000000000000000       0.10155525268980670      -0.15320277346952219        9.1280129583561059E-012   3.1787892490022118E-002   3.1787892490022118E-002           0
           0         193           1   67.095440305571671        0.0000000000000000       0.10397220334271862      -0.15429043478664498        8.4383768991005450E-012   3.2561053779341709E-002   3.2561053779341709E-002           0
           0         194           1   68.649434329484237        0.0000000000000000       0.10640880275879172      -0.15537683996010124       -3.2026120214713895E-012   3.3343703251949686E-002   3.3343703251949686E-002           0
           0         195           1   70.212771796486763        0.0000000000000000       0.10886473913417927      -0.15646189918502998        7.7180069931828363E-012   3.4135745253430327E-002   3.4135745253430327E-002           0
           0         196           1   71.785255792601717        0.0000000000000000       0.11133970801890425      -0.15754552468567046       -3.8204349390183487E-012   3.4937084911495386E-002   3.4937084911495386E-002           0
           0         197           1   73.366695324523235        0.0000000000000000       0.11383341209460918      -0.15862763081560066       -2.7876748416833144E-012   3.5747628187859926E-002   3.5747628187859926E-002           0
           0         198           1   74.956905113348043        0.0000000000000000       0.11634556093989468      -0.15970813418212823       -2.8861683502777573E-012   3.6567281856859424E-002   3.6567281856859424E-002           0
           0         199           1   76.555705327661698        0.0000000000000000       0.11887587085798468      -0.16078695370554358        6.2101125163966624E-012   3.7395953620759537E-002   3.7395953620759537E-002           0
           0         200           1   78.162921392625250        0.0000000000000000       0.12142406462155653      -0.16186401068421696        3.1360926033512480E-012   3.8233552054990794E-002   3.8233552054990794E-002           0
           0         201           1   79.778383759856595        0.0000000000000000       0.12398987126199912      -0.16293922883028530       -1.2297773643729963E-012   3.9079986645549347E-002   3.9079986645549347E-002           0
           0         202           1   81.401927684842008        0.0000000000000000       0.12657302586656316      -0.16401253433779464        6.3277541794567934E-012   3.9935167821575579E-002   3.9935167821575579E-002           0
           0         203           1   83.033393023867305        0.0000000000000000       0.12917326938076146      -0.16508385584901492        2.4808808723452191E-012   4.0799006971840246E-002   4.0799006971840246E-002           0
           0         204           1   84.672624036882340        0.0000000000000000       0.13179034835573455      -0.16615312456659481        3.8075182534625051E-012   4.1671416405901995E-002   4.1671416405901995E-002           0
           0         205           1   86.319469169179342        0.0000000000000000       0.13442401480184762      -0.16722027418914631        6.8758814447305352E-012   4.2552309436950209E-002   4.2552309436950209E-002           0
           0         206           1   87.973780893215149        0.0000000000000000       0.13707402595168650      -0.16828524089100647       -8.2642587678138081E-012   4.3441600313295137E-002   4.3441600313295137E-002           0
           0         207           1   89.635415488175170        0.0000000000000000       0.13974014407395097      -0.16934796341382805       -2.7344956070060942E-012   4.4339204270951171E-002   4.4339204270951171E-002           0
           0         208           1   91.304232885757060        0.0000000000000000       0.14242213630117262      -0.17040838296292102        3.1839478645909312E-012   4.5245037519130671E-002   4.5245037519130671E-002           0
           0         209           1   92.980096492248506        0.0000000000000000       0.14511977442790314      -0.17146644323902471        2.9446715583925154E-012   4.6159017231706345E-002   4.6159017231706345E-002           0
           0         210           1   94.662873025484302        0.0000000000000000       0.14783283474541253      -0.17252209036214780       -4.8432428360070766E-012   4.7081061554994807E-002   4.7081061554994807E-002           0
           0         211           1   96.352432360124766        0.0000000000000000       0.15056109785274630      -0.17357527289687269       -7.7864926514929764E-012   4.8011089583986699E-002   4.8011089583986699E-002           0
           0         212           1   98.048647362323280        0.0000000000000000       0.15330434852176889      -0.17462594178012245       -2.1447445494025141E-012   4.8949021402111770E-002   4.8949021402111770E-002           0
           0         213           1   99.751393763014121        0.0000000000000000       0.15606237550671520      -0.17567405034602021       -8.4832676751306908E-012   4.9894778024723641E-002   4.9894778024723641E-002           0
           0         214           1   101.46055001174481        0.0000000000000000       0.15883497140524483      -0.17671955418995558        3.3195579380027518E-012   5.0848281420033281E-002   5.0848281420033281E-002           0
           0         215           1   103.17599715459681        0.0000000000000000       0.16162193250794799      -0.17776241121452854       -3.9320266322630964E-012   5.1809454481737349E-002   5.1809454481737349E-002           0
           0         216           1   104.89761869001244        0.0000000000000000       0.16442305866038343      -0.17880258153285525       -8.0898986377344569E-012   5.2778221051844376E-002   5.2778221051844376E-002           0
           0         217           1   106.62530047447541        0.0000000000000000       0.16723815311175527      -0.17984002744034541        7.7437193648982164E-012   5.3754505866022928E-002   5.3754505866022928E-002           0
           0         218           1   108.35893059885659        0.0000000000000000       0.17006702240785554      -0.18087471338303862       -5.5115527516634104E-012   5.4738234574476019E-002   5.4738234574476019E-002           0
           0         219           1   110.09839926663395        0.0000000000000000       0.17290947625691988      -0.18190660585855919       -5.8814479061759556E-012   5.5729333746797227E-002   5.5729333746797227E-002           0
           0         220           1   111.84359873213572        0.0000000000000000       0.17576532738996420      -0.18293567343283920       -7.5595582837179428E-012   5.6727730789234210E-002   5.6727730789234210E-002           0
           0         221           1   113.59442315904369        0.0000000000000000       0.17863439149176386      -0.18396188662386903       -3.5825501258774706E-012   5.7733354030907291E-002   5.7733354030907291E-002           0
           0         222           1   115.35076856772088        0.0000000000000000       0.18151648705135170      -0.18498521790587993       -3.3458148070015158E-012   5.8746132628081149E-002   5.8746132628081149E-002           0
           0         223           1   117.11253273066959        0.0000000000000000       0.18441143527930226      -0.18600564162820560       -3.5039610179756397E-012   5.9765996594504545E-002   5.9765996594504545E-002           0
           0         224           1   118.87961509584677        0.0000000000000000       0.18731906001299192      -0.18702313396073506       -1.0438224671424625E-011   6.0792876786893935E-002   6.0792876786893935E-002           0
           0         225           1   120.65191673217386        0.0000000000000000       0.19023918760049652      -0.18803767281082021        1.0024648734845012E-011   6.1826704850019620E-002   6.1826704850019620E-002           0
           0         226           1   122.42934021595296        0.0000000000000000       0.19317164685806731      -0.18904923789140701       -7.3985080872324348E-012   6.2867413286143980E-002   6.2867413286143980E-002           0
           0         227           1   124.21178961266334        0.0000000000000000       0.19611626893353185      -0.19005781048512999       -6.1232651996968327E-012   6.3914935351930602E-002   6.3914935351930602E-002           0
           0         228           1   125.99917037339446        0.0000000000000000       0.19907288726977557      -0.19106337356991218       -8.1901466375753610E-013   6.4969205119812967E-002   6.4969205119812967E-002           0
           0         229           1   127.79138930979244        0.0000000000000000       0.20204133750721631      -0.19206591165928572        3.9798818935027799E-012   6.6030157412325652E-002   6.6030157412325652E-002           0
           0         230           1   129.58835454468499        0.0000000000000000       0.20502145741488875      -0.19306541075322378       -5.5229266949163316E-012   6.7097727784475092E-002   6.7097727784475092E-002           0
           0         231           1   131.38997540260465        0.0000000000000000       0.20801308684445563      -0.19406185836650858       -5.7299566619987532E-012   6.8171852597374683E-002   6.8171852597374683E-002           0
           0         232           1   133.19616244493616        0.0000000000000000       0.21101606764199943      -0.19505524335730642        1.7128372042822888E-012   6.9252468888491459E-002   6.9252468888491459E-002           0
           0         233           1   135.00682737346716        0.0000000000000000       0.21403024360178247      -0.19604555600651036       -2.8482047896862261E-012   7.0339514428485517E-002   7.0339514428485517E-002           0
           0         234           1   136.82188300296369        0.0000000000000000       0.21705546040743573      -0.19703278788389786       -4.5966460663320470E-012   7.1432927695143977E-002   7.1432927695143977E-002           0
           0         235           1   138.64124322521778        0.0000000000000000       0.22009156558941112      -0.19801693180651164       -4.3694696997643975E-012   7.2532647865721112E-002   7.2532647865721112E-002           0
           0         236           1   140.46482296482381        0.0000000000000000       0.22313840846452826      -0.19899798185958995       -9.2597813009351571E-012   7.3638614804166336E-002   7.3638614804166336E-002           0
           0         237           1   142.29253818675502        0.0000000000000000       0.22619584007731675      -0.19997593323493759        7.5616757731533271E-012   7.4750768997207118E-002   7.4750768997207118E-002           0
           0         238           1   144.12430579723141        0.0000000000000000       0.22926371320834571      -0.20095078231186880       -6.3152609917880264E-012   7.5869051660275799E-002   7.5869051660275799E-002           0
           0         239           1   145.96004369175179        0.0000000000000000       0.23234188225865315      -0.20192252649988021       -3.6288323949651541E-012   7.6993404583349356E-002   7.6993404583349356E-002           0
           0         240           1   147.79967066743657        0.0000000000000000       0.23543020327954434      -0.20289116428377657       -4.7347366273681738E-012   7.8123770242306323E-002   7.8123770242306323E-002           0
           0         241           1   149.64310643938322        0.0000000000000000       0.23852853389984352      -0.20385669511117432        6.3745506959787848E-013   7.9260091715690262E-002   7.9260091715690262E-002           0
           0         242           1   151.49027161648402        0.0000000000000000       0.24163673329491497      -0.20481911939820741        8.2868554050742654E-012   8.0402312676268073E-002   8.0402312676268073E-002           0
           0         243           1   153.34108766339617        0.0000000000000000       0.24475466217180530      -0.20577843848570485       -7.5128525167431830E-012   8.1550377416094832E-002   8.1550377416094832E-002           0
           0         244           1   155.19547687357530        0.0000000000000000       0.24788218273233475      -0.20673465455715265        3.4669654525545695E-012   8.2704230845439319E-002   8.2704230845439319E-002           0
           0         245           1   157.05336241616439        0.0000000000000000       0.25101915862973434      -0.20768777065921645       -5.1080802646754878E-012   8.3863818386900491E-002   8.3863818386900491E-002           0
           0         246           1   158.91466824497505        0.0000000000000000       0.25416545496861898      -0.20863779059883089        3.8057335123669667E-012   8.5029086085459227E-002   8.5029086085459227E-002           0
           0         247           1   160.77931911636998        0.0000000000000000       0.25732093827870939      -0.20958471897777756       -6.4789126752941494E-013   8.6199980551995958E-002   8.6199980551995958E-002           0
           0         248           1   162.64724061102265        0.0000000000000000       0.26048547645903208      -0.21052856108397036       -5.8179534729635062E-013   8.7376448892993563E-002   8.7376448892993563E-002           0
           0         249           1   164.51835904987914        0.0000000000000000       0.26365893880619118      -0.21146932293432213       -5.5833961432210893E-012   8.8558438822566865E-002   8.8558438822566865E-002           0
           0         250           1   166.39260156598448        0.0000000000000000       0.26684119595339229      -0.21240701114326038       -7.4657232518813456E-012   8.9745898528440726E-002   8.9745898528440726E-002           0
           0         251           1   168.26989601757774        0.0000000000000000       0.27003211988644660      -0.21334163298018946       -1.1594767151182404E-012   9.0938776778882291E-002   9.0938776778882291E-002           0
           0         252           1   170.15017104724259        0.0000000000000000       0.27323158389756808      -0.21427319630398475       -9.6710582489849258E-012   9.2137022811593416E-002   9.2137022811593416E-002           0
           0         253           1   172.03335603761184        0.0000000000000000       0.27643946258675678      -0.21520170947709477       -1.1045127393454816E-012   9.3340586388660940E-002   9.3340586388660940E-002           0
           0         254           1   173.91938110651171        0.0000000000000000       0.27965563183790776      -0.21612718146754475        9.8728247423279639E-012   9.4549417769981936E-002   9.4549417769981936E-002           0
           0         255           1   175.80817711601344        0.0000000000000000       0.28287996882301147      -0.21704962166570821        8.0045940633375513E-012   9.5763467711356354E-002   9.5763467711356354E-002           0
           0         256           1   177.69967565416340        0.0000000000000000       0.28611235196382467      -0.21796903996587463       -1.7275688807827476E-013   9.6982687447386473E-002   9.6982687447386473E-002           0
           0         257           1   179.59380904451785        0.0000000000000000       0.28935266093212664      -0.21888544666612642        3.3040397654262932E-012   9.8207028680807884E-002   9.8207028680807884E-002           0
           0         258           1   181.49051033036272        0.0000000000000000       0.29260077664392581      -0.21979885249347489        2.1062364915275983E-012   9.9436443589828283E-002   9.9436443589828283E-002           0
           0         259           1   183.38971326429191        0.0000000000000000       0.29585658124467540      -0.22070926855381098        5.6467393271881539E-013  0.10067088482881359       0.10067088482881359                0
           0         260           1   185.29135233448062        0.0000000000000000       0.29911995808690239      -0.22161670632150593       -1.0549271867385989E-011  0.10191030547521018       0.10191030547521018                0
           0         261           1   187.19536272639249        0.0000000000000000       0.30239079173989580      -0.22252117756181325        4.8370416169463081E-012  0.10315465908478916       0.10315465908478916                0
           0         262           1   189.10168036005217        0.0000000000000000       0.30566896797229370      -0.22342269438384282       -4.7287774071000213E-012  0.10440389962369978       0.10440389962369978                0
           0         263           1   191.01024183728779        0.0000000000000000       0.30895437374223000      -0.22432126916246214       -5.8187702188885828E-012  0.10565798152888384       0.10565798152888384                0
           0         264           1   192.92098448919367        0.0000000000000000       0.31224689718855858      -0.22521691452702963        2.5223836652787498E-012  0.10691685963917852       0.10691685963917852                0
           0         265           1   194.83384634510418        0.0000000000000000       0.31554642763492691      -0.22610964333924738        7.6973765961123781E-012  0.10818048923392598       0.10818048923392598                0
           0         266           1   196.74876614185609        0.0000000000000000       0.31885285556247256      -0.22699946871171592       -1.4061037346423472E-012  0.10944882599704830       0.10944882599704830                0
           0         267           1   198.66568333177113        0.0000000000000000       0.32216607261553798      -0.22788640389365167       -9.0950406228622651E-012  0.11072182601642400       0.11072182601642400                0
           0         268           1   200.58453804069765        0.0000000000000000       0.32548597159933235      -0.22877046233484818        9.9940963872773244E-012  0.11199944582480770       0.11199944582480770                0
           0         269           1   202.50527112271345        0.0000000000000000       0.32881244646771113      -0.22965165765617260        8.5153930148503766E-012  0.11328164232232463       0.11328164232232463                0
           0         270           1   204.42782412653926        0.0000000000000000       0.33214539231408380      -0.23053000357141903        4.6362431187737314E-012  0.11456837281490473       0.11456837281490473                0
           0         271           1   206.35213930516318        0.0000000000000000       0.33548470536490549      -0.23140551393341904       -1.8733126536353349E-012  0.11585959499039178       0.11585959499039178                0
           0         272           1   208.27815960595802        0.0000000000000000       0.33883028298024875      -0.23227820267270263        6.7896088751631666E-012  0.11715526693277467       0.11715526693277467                0
           0         273           1   210.20582866877407        0.0000000000000000       0.34218202365028727      -0.23314808383109997        8.5014478344259180E-012  0.11845534711564731       0.11845534711564731                0
           0         274           1   212.13509083510417        0.0000000000000000       0.34553982698659991      -0.23401517148009132       -9.6614992966766189E-013  0.11975979438877693       0.11975979438877693                0
           0         275           1   214.06589116191995        0.0000000000000000       0.34890359370398127      -0.23487947971301515        6.4754641924993810E-012  0.12106856794650755       0.12106856794650755                0
           0         276           1   215.99817538023979        0.0000000000000000       0.35227322563658858      -0.23574102271621364       -3.2865553526598350E-012  0.12238162737964187       0.12238162737964187                0
           0         277           1   217.93188991587294        0.0000000000000000       0.35564862572093658      -0.23659981462835061        3.1571464983087825E-012  0.12369893264785703       0.12369893264785703                0
           0         278           1   219.86698190897124        0.0000000000000000       0.35902969799234508      -0.23745586961439102       -5.5986723170049324E-012  0.12502044404355805       0.12502044404355805                0
           0         279           1   221.80339916821103        0.0000000000000000       0.36241634757966712      -0.23830920180732440        5.8533457963834994E-014  0.12634612224663355       0.12634612224663355                0
           0         280           1   223.74109021873949        0.0000000000000000       0.36580848070403293      -0.23915982529267177        8.6867281600220357E-012  0.12767592826300622       0.12767592826300622                0
           0         281           1   225.68000426639151        0.0000000000000000       0.36920600467329323      -0.24000775413446190       -7.7965961010846675E-012  0.12900982345930290       0.12900982345930290                0
           0         282           1   227.62009120307633        0.0000000000000000       0.37260882786376248      -0.24085300231305132       -6.1514883088855967E-012  0.13034776954692506       0.13034776954692506                0
           0         283           1   229.56130161767160        0.0000000000000000       0.37601685973923038      -0.24169558373249503       -7.1412028709841766E-012  0.13168972857710837       0.13168972857710837                0
           0         284           1   231.50358676943489        0.0000000000000000       0.37943001082244043      -0.24253551224547645        1.0490042662893385E-012  0.13303566294953284       0.13303566294953284                0
           0         285           1   233.44689863601815        0.0000000000000000       0.38284819271327786      -0.24337280153123578       -1.2041557422048474E-012  0.13438553537350151       0.13438553537350151                0
           0         286           1   235.39118984093977        0.0000000000000000       0.38627131806162995      -0.24420746522060968        2.3813891187312381E-012  0.13573930892424513       0.13573930892424513                0
           0         287           1   237.33641372294449        0.0000000000000000       0.38969930057056179      -0.24503951678962974        8.2649847641916543E-012  0.13709694696710173       0.13709694696710173                0
           0         288           1   239.28252428897565        0.0000000000000000       0.39313205500343873      -0.24586896956291185        5.6549672861370759E-012  0.13845841321583441       0.13845841321583441                0
           0         289           1   241.22947621674734        0.0000000000000000       0.39656949716074408      -0.24669583675134188       -1.0591772905339058E-011  0.13982367170793042       0.13982367170793042                0
           0         290           1   243.17722486440610        0.0000000000000000       0.40001154387844817      -0.24752013135882578        9.8585165637145822E-012  0.14119268679746200       0.14119268679746200                0
           0         291           1   245.12572628770954        0.0000000000000000       0.40345811304115187      -0.24834186623435434        8.4217092322591630E-012  0.14256542313426834       0.14256542313426834                0
           0         292           1   247.07493718245553        0.0000000000000000       0.40690912355036257      -0.24916105406823713        7.1779866874617083E-013  0.14394184571094915       0.14394184571094915                0
           0         293           1   249.02481493955509        0.0000000000000000       0.41036449532855035      -0.24997770733095800        1.4953710392683303E-012  0.14532191980118503       0.14532191980118503                0
           0         294           1   250.97531759647467        0.0000000000000000       0.41382414932818112      -0.25079183829357854        8.9496295983495241E-012  0.14670561101892376       0.14670561101892376                0
           0         295           1   252.92640387581039        0.0000000000000000       0.41728800751246609      -0.25160345901170139        2.2899740748207939E-012  0.14809288525779563       0.14809288525779563                0
           0         296           1   254.87803315833233        0.0000000000000000       0.42075599284396081      -0.25241258132415323       -6.1063252842137584E-012  0.14948370871349304       0.14948370871349304                0
           0         297           1   256.83016546719250        0.0000000000000000       0.42422802929803671      -0.25321921682582854       -8.4961843606865345E-012  0.15087804791038684       0.15087804791038684                0
           0         298           1   258.78276151230881        0.0000000000000000       0.42770404183010524      -0.25402337688493892        8.8203417433947804E-012  0.15227586962255235       0.15227586962255235                0
           0         299           1   260.73578263828676        0.0000000000000000       0.43118395641135998      -0.25482507260743048        2.4784608844190661E-012  0.15367714095867102       0.15367714095867102                0
           0         300           1   262.68919084032899        0.0000000000000000       0.43466769997708954      -0.25562431484809561        3.9158732128560227E-012  0.15508182930648862       0.15508182930648862                0
           0         301           1   264.64294877219282        0.0000000000000000       0.43815520045469936      -0.25642111418168395       -7.8365561517152750E-012  0.15648990233973703       0.15648990233973703                0
           0         302           1   266.59701971994355        0.0000000000000000       0.44164638673341838      -0.25721548092622226       -9.6807684505386158E-012  0.15790132802540735       0.15790132802540735                0
           0         303           1   268.55136763157986        0.0000000000000000       0.44514118868148089      -0.25800742506255819        2.2318338648949589E-012  0.15931607460307262       0.15931607460307262                0
           0         304           1   270.50595706635664        0.0000000000000000       0.44863953712401616      -0.25879695636287281        3.6096539906503888E-012  0.16073411061576959       0.16073411061576959                0
           0         305           1   272.46075323564463        0.0000000000000000       0.45214136384178083      -0.25958408425642487       -1.0124442986949763E-011  0.16215540487007507       0.16215540487007507                0
           0         306           1   274.41572198546692        0.0000000000000000       0.45564660156391246      -0.26036881782142990        1.0664584292067197E-012  0.16357992645004438       0.16357992645004438                0
           0         307           1   276.37082976849445        0.0000000000000000       0.45915518396940569      -0.26115116589995357        7.8446933611169660E-013  0.16500764473611107       0.16500764473611107                0
           0         308           1   278.32604367554643        0.0000000000000000       0.46266704566606331      -0.26193113698706322       -7.7992580878034365E-012  0.16643852936235382       0.16643852936235382                0
           0         309           1   280.28133142010796        0.0000000000000000       0.46618212219679300      -0.26270873920360671        5.2399998564999241E-012  0.16787255023802761       0.16787255023802761                0
           0         310           1   282.23666131622781        0.0000000000000000       0.46970035003009181      -0.26348398042078414       -2.4804876243072194E-015  0.16930967755154458       0.16930967755154458                0
           0         311           1   284.19200230361037        0.0000000000000000       0.47322166655589282      -0.26425686807928289       -3.4993025412177945E-012  0.17074988175306816       0.17074988175306816                0
           0         312           1   286.14732391813584        0.0000000000000000       0.47674601006405060      -0.26502740935809610       -9.9831761917605578E-012  0.17219313355558818       0.17219313355558818                0
           0         313           1   288.10259630367381        0.0000000000000000       0.48027331976310284      -0.26579561099795662        3.3257591570635199E-012  0.17363940394657940       0.17363940394657940                0
           0         314           1   290.05779020878850        0.0000000000000000       0.48380353575307167      -0.26656147946161701       -4.4682052071514557E-013  0.17508866415512414       0.17508866415512414                0
           0         315           1   292.01287696000423        0.0000000000000000       0.48733659902629012      -0.26732502081495030       -5.1245059327242538E-012  0.17654088569306525       0.17654088569306525                0
           0         316           1   293.96782848498196        0.0000000000000000       0.49087245146357383      -0.26808624073940907       -4.6729059358549553E-012  0.17799604031986838       0.17799604031986838                0
           0         317           1   295.92261729248384        0.0000000000000000       0.49441103582533819      -0.26884514455332420       -2.2249973990035758E-012  0.17945410005514750       0.17945410005514750                0
           0         318           1   297.87721647794132        0.0000000000000000       0.49795229573636268      -0.26960173722732278       -9.1942903776836310E-012  0.18091503715757762       0.18091503715757762                0
           0         319           1   299.83159969788426        0.0000000000000000       0.50149617568858806      -0.27035602331950720        2.2544910018535702E-012  0.18237882416003037       0.18237882416003037                0
           0         320           1   301.78574119396933        0.0000000000000000       0.50504262104553521      -0.27110800699303939       -1.9448535467022447E-012  0.18384543383752328       0.18384543383752328                0
           0         321           1   303.73961576464961        0.0000000000000000       0.50859157799922072      -0.27185769206742055       -2.5804633755064313E-012  0.18531483920670522       0.18531483920670522                0
           0         322           1   305.69319877470622        0.0000000000000000       0.51214299360177451      -0.27260508192432276       -5.9446398408976358E-012  0.18678701353882698       0.18678701353882698                0
           0         323           1   307.64646614241133        0.0000000000000000       0.51569681573314030      -0.27335017955851265        1.0497242126973691E-011  0.18826193034701277       0.18826193034701277                0
           0         324           1   309.59939433233342        0.0000000000000000       0.51925299311464945      -0.27409298758469353        7.6563578007640793E-012  0.18973956339758957       0.18973956339758957                0
           0         325           1   311.55196036114859        0.0000000000000000       0.52281147527606953      -0.27483350819979618        1.0544552890929990E-011  0.19121988668472190       0.19121988668472190                0
           0         326           1   313.50414178931027        0.0000000000000000       0.52637221256950806      -0.27557174320677347        8.8837756769090752E-013  0.19270287444139989       0.19270287444139989                0
           0         327           1   315.45591670088930        0.0000000000000000       0.52993515615338560      -0.27630769398054367        3.4896225895131808E-013  0.19418850115404362       0.19418850115404362                0
           0         328           1   317.40726371655870        0.0000000000000000       0.53350025798917211      -0.27704136150867559       -9.4231304859505109E-012  0.19567674153657211       0.19567674153657211                0
           0         329           1   319.35816197108807        0.0000000000000000       0.53706747082054562      -0.27777274638258265       -7.3586387861490581E-012  0.19716757054233591       0.19716757054233591                0
           0         330           1   321.30859114200160        0.0000000000000000       0.54063674818842644      -0.27850184873575784        1.6705176654236815E-012  0.19866096334137917       0.19866096334137917                0
           0         331           1   323.25853139401465        0.0000000000000000       0.54420804440745330      -0.27922866834526461       -3.7509812855377466E-015  0.20015689535748216       0.20015689535748216                0
           0         332           1   325.20796341005325        0.0000000000000000       0.54778131455869050      -0.27995320453942463        9.8541303355984284E-012  0.20165534223380233       0.20165534223380233                0
           0         333           1   327.15686837668397        0.0000000000000000       0.55135651449379663      -0.28067545624284745        9.2059970692763981E-012  0.20315627984305551       0.20315627984305551                0
           0         334           1   329.10522797927234        0.0000000000000000       0.55493360080969789      -0.28139542196758466        1.0597974124399826E-011  0.20465968427625492       0.20465968427625492                0
           0         335           1   331.05302437872928        0.0000000000000000       0.55851253085500607      -0.28211309983262939        2.0656411940663753E-012  0.20616553186717912       0.20616553186717912                0
           0         336           1   333.00024023382252        0.0000000000000000       0.56209326271434423      -0.28282848751250084        2.7838331108505462E-012  0.20767379915929562       0.20767379915929562                0
           0         337           1   334.94685868029131        0.0000000000000000       0.56567575520317903      -0.28354158230573273       -1.3291783684397465E-012  0.20918446291546200       0.20918446291546200                0
           0         338           1   336.89286331654546        0.0000000000000000       0.56925996786137101      -0.28425238108992062       -8.7036075758069556E-012  0.21069750013228816       0.21069750013228816                0
           0         339           1   338.83823821373517        0.0000000000000000       0.57284586093521273      -0.28496088034555117       -5.1721191951713214E-013  0.21221288801166804       0.21221288801166804                0
           0         340           1   340.78296790859787        0.0000000000000000       0.57643339539609273      -0.28566707611396791       -3.1547567602317063E-012  0.21373060397982946       0.21373060397982946                0
           0         341           1   342.72703738182582        0.0000000000000000       0.58002253289254768      -0.28637096409189483       -5.6808611569469168E-012  0.21525062567195152       0.21525062567195152                0
           0         342           1   344.67043206044275        0.0000000000000000       0.58361323577231494      -0.28707253953499062        9.8041575849233606E-012  0.21677293094820582       0.21677293094820582                0
           0         343           1   346.61313782601741        0.0000000000000000       0.58720546707013921      -0.28777179733011332       -2.9735601642609714E-013  0.21829749786479358       0.21829749786479358                0
           0         344           1   348.55514097973639        0.0000000000000000       0.59079919047984819      -0.28846873196277534        2.5597422288887427E-012  0.21982430470000236       0.21982430470000236                0
           0         345           1   350.49642825623550        0.0000000000000000       0.59439437036911191      -0.28916333754692691       -1.0929270471490224E-012  0.22135332993783408       0.22135332993783408                0
           0         346           1   352.43698681224583        0.0000000000000000       0.59799097175933813      -0.28985560778915248        4.1416278365170561E-012  0.22288455227088733       0.22288455227088733                0
           0         347           1   354.37680421977126        0.0000000000000000       0.60158896032002218      -0.29054553604507993        4.1505817918438244E-012  0.22441795059437863       0.22441795059437863                0
           0         348           1   356.31586845002641        0.0000000000000000       0.60518830235499355      -0.29123311531303725       -3.5114024808485611E-012  0.22595350401433967       0.22595350401433967                0
           0         349           1   358.25416789044863        0.0000000000000000       0.60878896480136291      -0.29191833817303142        5.5912006042829338E-012  0.22749119183030153       0.22749119183030153                0
           0         350           1   360.19169131038291        0.0000000000000000       0.61239091521920863      -0.29260119690361297        6.2562737860880376E-013  0.22903099355169410       0.22903099355169410                0
           0         351           1   362.12842787695183        0.0000000000000000       0.61599412177410895      -0.29328168339727467        3.6438363201073053E-012  0.23057288887640337       0.23057288887640337                0
           0         352           1   364.06436712339774        0.0000000000000000       0.61959855323698321      -0.29395978923486482        6.4051030435464709E-012  0.23211685771436152       0.23211685771436152                0
           0         353           1   365.99949897391457        0.0000000000000000       0.62320417898031311      -0.29463550562015450       -4.8515917943523058E-012  0.23366288016028736       0.23366288016028736                0
           0         354           1   367.93381370137871        0.0000000000000000       0.62681096894658106      -0.29530882346380960       -3.5667597046593200E-012  0.23521093651266245       0.23521093651266245                0
           0         355           1   369.86730195454646        0.0000000000000000       0.63041889366484982      -0.29597973333683314       -2.9473032952622072E-012  0.23676100725168969       0.23676100725168969                0
           0         356           1   371.79995472482568        0.0000000000000000       0.63402792423055843      -0.29664822549115555       -2.3963930438733893E-013  0.23831307306118532       0.23831307306118532                0
           0         357           1   373.73176334386233        0.0000000000000000       0.63763803229174054      -0.29731428991136588       -6.0961915847729917E-012  0.23986711481380052       0.23986711481380052                0
           0         358           1   375.66271949688132        0.0000000000000000       0.64124919004318137      -0.29797791624903930        7.7863111523985152E-013  0.24142311355652413       0.24142311355652413                0
           0         359           1   377.59281518420670        0.0000000000000000       0.64486137023014067      -0.29863909388618348       -9.9799092080602514E-012  0.24298105054512109       0.24298105054512109                0
           0         360           1   379.52204273453134        0.0000000000000000       0.64847454610910105      -0.29929781193951582       -7.2901531278389180E-012  0.24454090720463384       0.24454090720463384                0
           0         361           1   381.45039478772162        0.0000000000000000       0.65208869146822890      -0.29995405924602503        1.0077071723295309E-011  0.24610266515694512       0.24610266515694512                0
           0         362           1   383.37786430991002        0.0000000000000000       0.65570378061059764      -0.30060782439871003       -2.8247309068025381E-013  0.24766630618618168       0.24766630618618168                0
           0         363           1   385.30444454523911        0.0000000000000000       0.65931978833005478      -0.30125909573496679       -6.8250314484322367E-012  0.24923181228049462       0.24923181228049462                0
           0         364           1   387.23012904158139        0.0000000000000000       0.66293668991429966      -0.30190786136108566        2.4290023811783061E-012  0.25079916559622317       0.25079916559622317                0
           0         365           1   389.15491163322974        0.0000000000000000       0.66655446113474359      -0.30255410918586534        7.3877391409610534E-012  0.25236834846457779       0.25236834846457779                0
           0         366           1   391.07878642380876        0.0000000000000000       0.67017307823423011      -0.30319782690073405        7.0961910955577236E-012  0.25393934340392033       0.25393934340392033                0
           0         367           1   393.00174780841792        0.0000000000000000       0.67379251791990868      -0.30383900198456038       -6.6622872603984220E-012  0.25551213308577991       0.25551213308577991                0
           0         368           1   394.92379041549918        0.0000000000000000       0.67741275734971995      -0.30447762172228071       -1.9511152654611665E-013  0.25708670038939974       0.25708670038939974                0
           0         369           1   396.84490915703276        0.0000000000000000       0.68103377412499033      -0.30511367325667776        7.2361873970856975E-012  0.25866302832898103       0.25866302832898103                0
           0         370           1   398.76509917792180        0.0000000000000000       0.68465554628708358      -0.30574714355943455       -7.4556803019878089E-012  0.26024110011035062       0.26024110011035062                0
           0         371           1   400.68435586335801        0.0000000000000000       0.68827805228867245      -0.30637801943347936        9.2246309763077792E-012  0.26182089910459561       0.26182089910459561                0
           0         372           1   402.60267483722100        0.0000000000000000       0.69190127101814314      -0.30700628755647308        6.0003600628973174E-012  0.26340240885120547       0.26340240885120547                0
           0         373           1   404.52005194232106        0.0000000000000000       0.69552518174614497      -0.30763193451893839       -2.7977480414259280E-012  0.26498561304722723       0.26498561304722723                0
           0         374           1   406.43648325259829        0.0000000000000000       0.69914976415126007      -0.30825494672828579        9.9011991007621114E-012  0.26657049555329237       0.26657049555329237                0
           0         375           1   408.35196503536292        0.0000000000000000       0.70277499830323475      -0.30887531056067358       -6.5559892907421342E-012  0.26815704040545585       0.26815704040545585                0
           0         376           1   410.26649377597738        0.0000000000000000       0.70640086463289165      -0.30949301226282233       -7.3507133256909062E-013  0.26974523178183074       0.26974523178183074                0
           0         377           1   412.18006613957283        0.0000000000000000       0.71002734395274381      -0.31010803803653070       -6.9998150763986654E-014  0.27133505404078906       0.27133505404078906                0
           0         378           1   414.09267899163427        0.0000000000000000       0.71365441742475744      -0.31072037402075525       -9.4591278063520421E-013  0.27292649168089334       0.27292649168089334                0
           0         379           1   416.00432937501387        0.0000000000000000       0.71728206656209337      -0.31133000629987095       -3.9748301687069342E-013  0.27451952936304380       0.27451952936304380                0
           0         380           1   417.91501451027995        0.0000000000000000       0.72091027321718282      -0.31193692092498004        9.6285269611827789E-013  0.27611415189780342       0.27611415189780342                0
           0         381           1   419.82473177222090        0.0000000000000000       0.72453901957630418      -0.31254110391999190        6.5273124338172166E-013  0.27771034426519914       0.27771034426519914                0
           0         382           1   421.73347870633052        0.0000000000000000       0.72816828813311196      -0.31314254133700004        9.0027180834795148E-012  0.27930809157261471       0.27930809157261471                0
           0         383           1   423.64125301492641        0.0000000000000000       0.73179806171361572      -0.31374121917266923        4.8315058945652323E-012  0.28090737908877528       0.28090737908877528                0
           0         384           1   425.54805252129677        0.0000000000000000       0.73542832343133835      -0.31433712349732035       -9.0235904793425873E-012  0.28250819224428581       0.28250819224428581                0
           0         385           1   427.45387521752241        0.0000000000000000       0.73905905668846628      -0.31493024038474837       -1.5419558068467830E-012  0.28411051658246622       0.28411051658246622                0
           0         386           1   429.35871920359642        0.0000000000000000       0.74269024518809212      -0.31552055594951667        4.4844796259548375E-012  0.28571433782564926       0.28571433782564926                0
           0         387           1   431.26258271863344        0.0000000000000000       0.74632187290405905      -0.31610805636219580       -2.7475332919582454E-012  0.28731964182027347       0.28731964182027347                0
           0         388           1   433.16546411000411        0.0000000000000000       0.74995392407380224      -0.31669272784816294       -4.6010020445991224E-013  0.28892641456569690       0.28892641456569690                0
           0         389           1   435.06736184372750        0.0000000000000000       0.75358638319511551      -0.31727455672757254        4.3597897480597839E-012  0.29053464219144742       0.29053464219144742                0
           0         390           1   436.96827449039716        0.0000000000000000       0.75721923501529997      -0.31785352941814365       -2.4786726333626043E-013  0.29214431096459204       0.29214431096459204                0
           0         391           1   438.86820071051818        0.0000000000000000       0.76085246452786781      -0.31842963239260391        7.6775931948160749E-012  0.29375540730720529       0.29375540730720529                0
           0         392           1   440.76713926807355        0.0000000000000000       0.76448605696277494      -0.31900285226642633       -2.1675226857574329E-012  0.29536791776074178       0.29536791776074178                0
           0         393           1   442.66508900805468        0.0000000000000000       0.76811999776591589      -0.31957317576702415       -2.4792776303441427E-012  0.29698182900402159       0.29698182900402159                0
           0         394           1   444.56204886053519        0.0000000000000000       0.77175427261133245      -0.32014058974588722       -7.2857971495718422E-012  0.29859712784796733       0.29859712784796733                0
           0         395           1   446.45801781850668        0.0000000000000000       0.77538886737563884      -0.32070508120610847        2.8513507739902256E-013  0.30021380124322783       0.30021380124322783                0
           0         396           1   448.35299495965057        0.0000000000000000       0.77902376814809449      -0.32126663728180782        1.8222509083934986E-012  0.30183183625824794       0.30183183625824794                0
           0         397           1   450.24697942169814        0.0000000000000000       0.78265896120550771      -0.32182524528510309       -3.6946560665565265E-012  0.30345122008742709       0.30345122008742709                0
           0         398           1   452.13997038704309        0.0000000000000000       0.78629443301872870      -0.32238089266278280       -2.0187539279971535E-012  0.30507194007372185       0.30507194007372185                0
           0         399           1   454.03196710429216        0.0000000000000000       0.78993017023710732      -0.32293356706217213       -2.4046815025204644E-012  0.30669398366496492       0.30669398366496492                0
           0         400           1   455.92296887199694        0.0000000000000000       0.79356615968609656      -0.32348325629774638       -8.1964991058815142E-012  0.30831733843272380       0.30831733843272380                0
           0         401           1   457.81297502368926        0.0000000000000000       0.79720238835512003      -0.32402994837725363       -5.6333688938961563E-012  0.30994199207761475       0.30994199207761475                0
           0         402           1   459.70198492487674        0.0000000000000000       0.80083884339746203      -0.32457363151933311       -6.1635882485163633E-012  0.31156793242668268       0.31156793242668268                0
           0         403           1   461.58999799168021        0.0000000000000000       0.80447551212123436      -0.32511429411488740       -1.3941550442569649E-012  0.31319514741061005       0.31319514741061005                0
           0         404           1   463.47701365934017        0.0000000000000000       0.80811238198391155      -0.32565192477864008        2.0807661186048341E-012  0.31482362508706596       0.31482362508706596                0
           0         405           1   465.36303138468531        0.0000000000000000       0.81174944058308252      -0.32618651234344720        5.0448883299538075E-012  0.31645335363185345       0.31645335363185345                0
           0         406           1   467.24805065155761        0.0000000000000000       0.81538667566040268      -0.32671804583412895       -3.2845286127716815E-012  0.31808432133451636       0.31808432133451636                0
           0         407           1   469.13207096223499        0.0000000000000000       0.81902407507118324      -0.32724651454443882       -2.3718906661210860E-012  0.31971651658289857       0.31971651658289857                0
           0         408           1   471.01509181656746        0.0000000000000000       0.82266162680986366      -0.32777190797090239       -1.9062849891291749E-012  0.32134992790244166       0.32134992790244166                0
           0         409           1   472.89711274441606        0.0000000000000000       0.82629931899288933      -0.32829421581140567       -2.6813466221779503E-012  0.32298454390986131       0.32298454390986131                0
           0         410           1   474.77813326550518        0.0000000000000000       0.82993713984140904      -0.32881342804400532        3.2707951812907609E-012  0.32462035333856587       0.32462035333856587                0
           0         411           1   476.65815290769723        0.0000000000000000       0.83357507769302974      -0.32932953487339212       -6.2919686079988001E-015  0.32625734502648074       0.32625734502648074                0
           0         412           1   478.53717119052402        0.0000000000000000       0.83721312099126055      -0.32984252672481529       -8.5961601118857449E-012  0.32789550792902133       0.32789550792902133                0
           0         413           1   480.41518764863866        0.0000000000000000       0.84085125827432483      -0.33035239427299073       -1.0598155623494287E-011  0.32953483108132664       0.32953483108132664                0
           0         414           1   482.29220177876101        0.0000000000000000       0.84448947817762354      -0.33085912845760718       -5.1865181233319339E-012  0.33117530365456682       0.33117530365456682                0
           0         415           1   484.16821310093002        0.0000000000000000       0.84812776943628165      -0.33136272042125076       -5.6532732945887683E-012  0.33281691489286858       0.33281691489286858                0
           0         416           1   486.04322110161741        0.0000000000000000       0.85176612086188941      -0.33186316158726886        3.0209919276135777E-012  0.33445965415645551       0.33445965415645551                0
           0         417           1   487.91722525616336        0.0000000000000000       0.85540452135800726      -0.33236044362561717       -8.0245589637283161E-012  0.33610351090330304       0.33610351090330304                0
           0         418           1   489.79022502619091        0.0000000000000000       0.85904295990073165      -0.33285455841134354        9.2486493564748526E-012  0.33774847468916480       0.33774847468916480                0
           0         419           1   491.66221985165214        0.0000000000000000       0.86268142555628824      -0.33334549809991915       -1.5836400988747750E-012  0.33939453516851859       0.33939453516851859                0
           0         420           1   493.53320915917340        0.0000000000000000       0.86631990744834031      -0.33383325506947492       -2.4379563365050735E-012  0.34104168208056107       0.34104168208056107                0
           0         421           1   495.40319233342535        0.0000000000000000       0.86995839477846792      -0.33431782195921617       -5.1696387075470140E-012  0.34268990528013621       0.34268990528013621                0
           0         422           1   497.27216875750372        0.0000000000000000       0.87359687681074294      -0.33479919163345573        2.8305388778253064E-012  0.34433919468965701       0.34433919468965701                0
           0         423           1   499.14013777235721        0.0000000000000000       0.87723534288130889      -0.33527735718878904        7.5776476934659392E-012  0.34598954034476415       0.34598954034476415                0
           0         424           1   501.00709869954852        0.0000000000000000       0.88087378238035852      -0.33575231197643712        5.3305679046362140E-012  0.34764093235720051       0.34764093235720051                0
           0         425           1   502.87305082208178        0.0000000000000000       0.88451218476006455      -0.33622404956406660       -3.0212944261043472E-012  0.34929336094237562       0.34929336094237562                0
           0         426           1   504.73799340619360        0.0000000000000000       0.88815053952526535      -0.33669256374858386       -6.5880541307636672E-012  0.35094681638760949       0.35094681638760949                0
           0         427           1   506.60192567802773        0.0000000000000000       0.89178883623307614      -0.33715784857261943       -3.3573702493488982E-012  0.35260128907393407       0.35260128907393407                0
           0         428           1   508.46484683346779        0.0000000000000000       0.89542706450216003      -0.33761989825111549        9.2128335351677813E-012  0.35425676947621088       0.35425676947621088                0
	
